0.3565301011989094
0.26425399260112237
0.0010699553644320078
0.16998277189051
0.3497670310749851
0.2203289125515727
-0.01688932834700458
0.17522510467687985
0.014765820025263854
0.265228234664819
-0.6009958272225477
-0.7072440711846085
-0.34310011111863586
0.050241101765331246
-0.2289812482881747
0.03607878825573901
0.2964573466174238
0.3673265358768636
0.29740031152611934
0.5600633490033896
0.5432970439717062
0.48973915174662075
0.7125981496345047
0.7324157473604619
0.8158613613153192
0.7134330444284769
0.8474677339817867
0.4479140244391554
0.3676102169079705
0.2556090170928158
0.18524217028048465
0.5436876727495188
0.5162978860553078
0.5500937699138276
0.47830752323494063
0.23582764142396354
0.5726612296728305
0.3637916783895817
0.41655437800615364
0.4780588178664032
0.5435957274924126
0.8560738396004876
0.6904466191899553
0.3705413605317696
0.3849622883154464
0.07908707388921202
0.384177499722589
0.539714677753871
0.5258167186488361
0.42515072050899505
0.18925571477741654
0.08429302101849644
-0.12257560228126303
0.27891914261057094
0.10486723725234967
0.254063622886218
0.24130152963498977
0.11207562897531283
0.6493005559553838
0.6398790710144547
0.6074401317171105
0.049773558589251095
0.03526881322449521
0.012422189737908332
0.19930268987078725
-0.1126630634661814
-0.06494944556841742
-0.33480124797881256
-0.46418817605205437
-0.3978328138707779
-0.03250010428452644
-0.3471142205089561
-0.003408451823895174
-0.054064171526982764
0.428189240851219
-0.15167428791030213
0.11436963804627409
0.4693931513092567
0.6185922295894287
0.516168480906479
0.5433544126135513
0.7471849310514026
0.6836022434824124
0.38048557159602936
0.79126544205209
0.9762045738742301
1.041493823527903
0.9046818823319774
0.8745635878998942
0.9682970218222795
1.0702561904075512
0.9390354565722541
0.6954865836259371
0.7871834252552137
0.14321393247590028
0.33308163682555164
0.5138300689180352
0.61227833782094
0.6424618046785697
0.6193180103581326
0.694113850099454
0.672638057485701
0.792507598303465
0.5516689949468416
0.7146070686069054
0.8908855567524128
1.0666527331411808
1.087709063259011
1.0398595607588241
0.8483563732274872
0.8393340859583512
0.7623311161254428
0.9902078933139492
-0.17334250989959812
-0.5381686966603787
-0.48490549545760114
-0.3822176100462021
-0.2873264297528787
-0.044544043353797864
0.16196579875834377
0.21862322243281085
-0.004879430148623409
-0.31219679363547215
0.2246336021399265
0.14531203722033093
0.20064170225618289
0.4269317848882207
0.6089765465148961
0.8034332449206704
0.5074174864659035
0.9280425968137462
1.177134210536977
1.1054262042604013
1.0063702845719706
1.0424065952573944
1.2389245361361707
0.835573167461465
0.6800677665795963
1.10042008789101
0.783115471988638
0.9250315029572095
-0.8769568246283431
-1.232573288788078
0.3247756496637324
0.7492746575095974
-1.2026566009428625
0.5980718844998554
0.24122340356437025
0.685664689849865
-2.2663893488771123
-2.411862417790459
-1.4856327830264362
-1.0619815870221665
-1.8218737605737094
-1.6542348292591202
-2.3881629276053777
-1.9945883831683004
-1.685805261974116
-1.6367546599038405
-2.253491396434344
-2.6637692230200423
-1.8032118667315926
-0.7414143996011726
-0.179198273767002
-0.14484756161697757
0.29573851739740104
0.6293336573896214
0.5419412768145174
0.8270460370127269
0.8340543059435725
1.021583257115735
0.8220740801376449
0.4213948274802562
0.9433006445970371
1.1987143813384247
1.0266520188306951
0.9625429868370692
1.2105569026308594
0.5487914644367373
0.9862884081482325
0.7199901007093178
0.9896142829624608
1.038447866281318
-0.0013023727391833753
0.6262680197946443
0.8022783461750161
0.9070551056463309
0.12369458182782767
0.611572741657667
0.5095804340857416
0.6413990138573246
0.9204807576486379
0.7724155548625484
0.49332160638826916
0.6445225360740366
0.21574830212135201
0.06010984095126515
0.2755629914091147
-0.8506302750795275
0.113091484868551
-0.2693527809100821
0.1484107623645922
0.29627607606145706
-0.3810822413858027
-0.4282763709787479
0.049672724556043504
-0.2576844978548608
-0.09528530537170021
-0.5302738626988254
-0.9303286949720854
-2.2846914862167615
-1.0947933453870369
-0.27061183805087674
0.1316594496433912
-0.17442759296976865
0.2711139304852562
0.3398219952517922
0.4256140285080055
0.5062964472327408
0.39578004064905586
0.6312496616322292
0.8260036242647812
-0.1675820540787746
-2.372249084963748
-0.5227472328754169
0.40836708661119697
0.1743430488003456
0.7998493118493952
0.4309016979504134
0.022993105789683204
-0.05331816896068505
-1.0607103124064459
-2.019610852873505
-1.61897068153946
-0.907680615003892
-0.7239106568476827
-0.742905664117423
-0.004931147914542451
-0.022365442802705145
0.042258655311643065
0.30882069440514354
0.4292086804284039
-0.6898756502297855
-1.951741929638329
-2.0914698294280516
-1.1457548939238695
-0.9232019494950681
-0.5208533759279285
-0.6695655287821328
-0.2587337239226121
0.36212500014711163
0.7114654909291799
0.1094306348003111
0.22335336894610536
-0.9780849686465134
-0.05490766634730861
0.15245969968149656
0.503575688011111
-0.3843886930666769
0.18095120987937183
0.222325284793753
0.3748498936828791
0.687870666868865
0.10170784050076029
-0.09575048956471047
0.8705877577926369
1.0416852190060193
0.4915029613176654
0.406710393889986
-0.22536251314299327
0.37501615260736326
-0.2343113462858022
0.02640182679049449
-0.13077234624386322
-0.27687098556375983
-0.53883319801326
0.035766198691406514
-0.5377365578467411
-0.7829563557263498
-0.9810149032762643
-0.49202753878591826
-0.9054589499179014
-0.846311713904763
-0.9938611018062175
-0.6751456327900243
-1.015180511340904
-0.47304083449733786
-0.10113383765222404
0.036632059105053426
-1.2649569078574665
-0.4186432034226633
-0.5707166701160901
0.015621295975366581
0.5708924055493643
0.06987575436901382
0.20504011233812608
0.21999563414082315
0.6902797038779396
0.7454498958452248
0.7778614988034895
0.3788872356331955
0.6067857764311332
0.018615323552758627
-0.8196691706013363
-1.5911099230707761
-2.345144316839917
-1.1375644394234985
-2.5889995385374287
-0.41778277301835065
-2.5703290972497492
-1.6005727184449776
-0.5495840440508183
-0.6258856398122975
-0.24932621302805097
0.13886385742951698
0.20846695884750852
0.4633745966173974
0.5523231734536196
0.515803444656239
0.2211867148054327
0.12972758362804424
0.31817567278306463
0.5810304629776419
0.7463756083265709
0.9531543154447597
0.29202617448847984
-2.3269923694151666
-0.5711438696601813
-0.0011431199158630223
-2.5625766115106683
-0.24635375656718514
0.05494642619638018
0.19755709011656902
0.1464769012198665
-0.22868867649901228
-0.3459441446182064
0.0862799973675781
0.27961716206177745
0.38143324603879974
0.25268302544950777
0.17669941669738545
0.0889897755528074
0.5615959857367537
0.8053471380128031
0.42503512157318035
0.7018125405396217
0.8043329929787539
0.42607711614779004
0.4822712111036096
0.3037121414090204
0.3195702209095296
-0.0452558982596522
0.23599698400952093
0.4734870633118375
-0.8039657611246591
-0.4467930154203522
0.08479168769572724
-0.5069366706830355
-0.17396727610545581
0.8506286384259306
0.9535319024256308
-0.4283982675879155
0.1719112438933988
0.553281067384455
0.18903088769266066
0.8400194733244238
0.729850902250626
0.3721022321056182
-0.0011114109625041013
0.6256091572038207
1.4660810962343709
0.23213229685176115
0.41711474560977074
0.6652707675545333
0.7033974473644607
0.9173618254738853
0.7098193591220658
1.0726061291167683
0.7807729478061278
0.12175525533404596
-0.26741732801673496
0.2530332029883896
0.4876523272065644
0.6886830617407204
0.7102867379640002
0.2085742846856912
0.5526782444355909
0.9111689362171415
0.6325392213829713
0.7030580014267308
0.7027315802746442
0.3389606095092176
0.5234043868236958
0.462886277377379
0.6820897544290048
-0.2929253746166716
0.35037850178102453
0.6180786371717624
0.6613808213912501
0.49393876415149085
0.01914898401615639
-0.7192124194798645
-0.15625816166377418
0.3049120707261969
0.5949785207720785
-0.22588090307021952
0.16587829552315553
0.0061753034607351315
-0.2487697130763478
-1.785814912357377
-1.476037756569618
-0.47264227065557585
-0.03939464460041838
0.2928631759406616
-0.004106401027781532
-0.579828215695973
-0.41717789597686794
-0.17438150198667413
-0.31985457032958325
-1.831183636897075
-0.47504363978971004
0.11510363033017337
0.008114971513389862
-1.3999985807636595
-1.2501157717731917
-1.4021101544124643
-0.9249023705885396
-0.6869813648515806
-0.9153969668147676
-1.4257710200283014
-1.9300293098745744
-2.337326685716875
-1.6861540583116692
-0.7120397821596592
-0.39758174761489845
-0.12755123791037953
-0.3869990752746622
-0.37709432943269444
-1.0839725358694694
-0.6432204049935321
-0.0959817222481391
-0.7929066198039232
-0.6748509591031205
-0.2914986668766887
-0.04009431046167522
0.49688284338949246
0.22559593354427393
-0.5973378375612904
-0.1707351295582281
0.3746595834345975
0.6882692865886118
0.7889633836521031
0.8843413350457344
0.7568927996012114
0.7871122418227249
0.7756275429195181
0.31868692543248367
0.6161804522021914
0.31090265836435177
0.23588289953001468
-1.2859957052399944
-1.8939070733762828
-1.257037698644702
-1.275833443052876
-1.7575185249148715
-0.9606399611405292
-0.1863315999945039
-0.8622285056198441
-0.59450179467179
-0.617425930023101
-0.6580133771648958
-2.335692679016353
-1.4200947730457785
-0.6790992558777449
-0.1541382031191842
-0.25098799471054706
-1.5648538241213195
-1.2562839341592797
-1.096078483160433
-1.9996370759671116
-2.186931852971996
-1.4965214368088435
-2.1295823186161598
-2.4924681666084996
-1.3235806289022425
0.08558438254147362
0.3336380263000452
0.09248655275711938
-0.19367313495597713
0.28582353533754074
-0.25703772213313053
0.025807353101346762
0.5443639769557067
0.5096819949693734
0.4061751649619452
0.7231201323017251
0.3880975443240398
0.5800559955975974
0.544107027324568
0.502637292253522
0.5668964391198498
0.1167948097855706
-1.6581974368772545
-0.7420704147837893
-0.4870004470498438
-0.145790340883914
-0.06325695693022546
-1.097855250828783
-0.6622254575813106
0.2965405266194895
-0.19947933190331124
0.6042056968970589
0.8250611942496697
-0.26724613230879796
0.6213789844887296
0.7285467002703709
1.0008677786468045
1.1268432723388784
1.0646940174940598
1.0408442840511993
0.8072496498654224
0.8380069365721416
0.4302214393258796
-0.3469856296157971
-1.7130965511640939
-0.9618147347815302
0.15957442536266847
0.6785297151430872
-1.7569971609920505
-0.8065372868269701
-0.4893396706366599
0.16901540407394355
0.4059260782466571
0.33919365709891064
-1.7757286398680654
-2.4566139913246086
-0.4127901866859243
-1.7164226755308678
-1.080102692698593
-1.7657698351660973
-2.502787323507253
-0.9580357201551685
-0.4511072231280907
-0.9057983035249959
-0.16269070901716898
0.3892578175278186
0.415505453176604
-0.08333869195915165
0.35748423997766715
0.5574297655060741
-1.3094528613929486
-0.4142234215722366
-0.04630728512736361
-0.2812397263275611
-0.6118107956535174
-1.9969468918540214
-2.441505798747895
-1.7042519912994252
-1.0161680047025317
-0.7904198844756548
-0.27293640929983937
-0.4629481197968806
-2.1375954218956594
-1.4062657987425824
-0.35676055922541544
-0.10334240962107095
0.15540668881567754
0.35998747195238956
-0.1928410219552377
-1.0000527053636359
-0.8148557366828301
0.29666361006310865
0.5591426336222665
0.29861714280856544
0.3742910765842665
-0.19013644779773564
0.2117300503306614
0.14117438048342076
0.08446700173156108
-0.07464679342700063
-0.5550206975696329
-1.5567771409887068
-2.0046180917789127
-2.3014776610455914
-2.283665728855176
-1.2397835720976889
-0.8555784989838543
-1.5755527408976573
-2.0609828225662854
-1.2042557691107072
-1.8913125487877467
-2.1429295924985357
-1.9339537038890053
-2.1370314355483795
-1.7405264858053797
-0.14586020766858318
-0.9492132440671116
-0.29606600973030517
-0.177830704386502
-0.939012847425375
0.26297717648893754
0.034691473934226495
0.3954644459048239
0.88714196904243
0.9843098980659083
0.3291472607680611
-0.12104130301675298
-1.2765205380069118
-0.3069910665456038
0.096121803152116
0.3352833544544869
0.1720427224194978
-0.4775858259969283
-0.9955437080989062
-2.0302186109817018
-0.8701960832832943
-1.128859483248558
-1.1041399923059443
-0.9858650295671231
-1.5862624623356258
-2.2730294578034407
-2.4480436632817506
-1.441648723004084
-0.8961457677836415
-0.8776971895868614
-1.924647175668752
-1.160823633482402
-2.0568879761041434
-1.8204562598347123
-2.113597914649867
-1.0890005316852904
-1.3054807692976043
-1.5334795907249992
-1.5642157178372087
-1.8531685828686246
-0.6067054498829174
-0.06357079333023001
0.40589540259892415
0.40632089775172353
0.26256164360518025
0.3020660056000223
0.3195779863492994
0.18752786721809273
0.3385198556837595
-0.6546737257917467
-2.7289888398303632
-1.3579799825372763
-0.5191800885575508
-1.1314115536414473
-0.9033654223915121
-0.83774812096932
-0.27199896060350987
-0.7684733975429326
-0.9597617356560055
-1.281298741964202
-1.8312272318610348
-2.585792976417637
-2.393769803400261
-1.8005805086253788
-0.8405804074038653
-0.5377487621883739
0.005835096211648246
-0.09399342846124252
0.07721354624110544
0.19671958367139938
-0.4265189441738061
-0.020337088449766016
-0.15890681724498049
0.5053332815697253
0.09924915330433462
0.6128508490031374
-0.07573360715955958
0.47340962479537524
0.5765233442672274
-0.07406732060072585
0.2581349420552638
0.4332635266962243
0.5285476591925253
-0.519382724842201
-0.05874302238488206
0.2618900754525239
0.44642991874171656
0.507285229395504
0.5841897775413712
0.24925268431380326
-0.1958391953876752
-0.41970919084971786
-0.4803625924537512
-0.3691818945421376
-0.18819254166456018
0.40629500487309667
0.5309540750254819
-0.23514279538670696
-0.5013794330581463
-2.1168069476652485
-0.27014304764762975
-0.4559368906924102
0.1946032226686871
0.18040192921267995
0.1667077622061577
-0.6146681524499472
-0.6262953570022142
-0.790648516913527
-0.1882095480151422
-0.3245836517525045
-0.10322906853624836
0.18169898359742676
0.4351812271944066
0.3949613276859735
0.33261492636532497
0.3938923682134442
0.25912895421149623
0.3253977407479806
0.06497229333698709
0.30101992425688895
0.3432715734267156
0.46324890012808684
0.2745991789157422
-0.18282566886338375
0.24318649363049638
0.4312020618198035
0.2869373011792729
0.1792318388407192
0.015555634401659687
0.4279451352166014
-0.15560684028473623
0.1196305367473262
0.32020493137361444
0.21586148187551454
-0.8911314492119237
-0.30322059784105726
-0.2147157091731513
-0.0008154759868872426
0.053855599177526976
-0.06063393524057028
-0.011775091350023489
0.023250565245816337
-0.16236895194265535
-0.5234416378582687
-0.656293460957477
-0.3822624450376817
-1.1971744002454234
-0.22416131801232478
0.4396121139841407
0.4118145664323568
-0.341432855668402
-0.6401475430652191
-1.2018059767129814
-0.5730422491817768
-0.20824865720031868
0.0544822597175107
-0.09847262092593
0.12137783853510717
-0.4763544388700641
-2.3982796276715175
-1.751738658219741
-0.6490865608367394
0.004614112894993393
0.05660299747076523
0.4127265633713263
0.08391663885731815
-0.09300114954682716
-0.138479463088267
0.03250353025273507
0.18121006509721865
0.10264224218626472
-0.5700395972798217
-1.3273805029514716
-0.22537595747092146
-0.26744279095810525
0.1348909362211296
0.060378169555444554
-0.3403688892032331
-0.14756568563290196
-0.20816757072863132
-2.1471815683232247
-2.3874998605234725
-1.668338979172104
-0.1525827379876473
0.011756809736356191
-0.2564595722533177
0.31948223085904726
0.4077104825724306
0.5449573956503188
0.16820895812890727
-0.45357552546757157
-0.5645425007120882
-0.2650761328916019
-0.9174420357799702
-2.2523307679229343
-1.3283888212314605
-1.2808875290979516
-1.1888324007952988
-1.9092332269068302
-2.422254646255297
-1.8521079618747127
-2.240078418424641
-2.3999144467237286
-1.2958208647559128
-0.4148350316055519
0.14217590282171214
0.16419996778604398
0.34709323518259527
0.27692607460046453
0.2214778285709235
-0.756455451365946
-0.765335087927208
-0.09039572751935364
-0.017814917517251474
-0.4954711646236145
-1.5659539241427787
-1.1912296812533647
-0.10682686852810831
0.21124107503461792
0.5445128208645597
0.5209664407524683
0.3676286040706954
0.601235536410223
0.776001140319729
0.9651652314174337
0.8103870990586903
0.4295835566226227
0.6933245771464576
0.7504807378171484
0.8978474278461187
0.09255119675123684
0.36132191872619096
0.5317046707833402
0.5684375798898822
0.4724864822532416
0.3696117929064941
0.20241343010365484
0.4978579756163592
0.4584282223627669
0.24702635282306984
0.506284468928163
-0.052671276828578854
0.2409574365514688
0.24589539756150186
0.05937725141217416
0.39381940142106026
0.6251745703670648
0.5567852802923031
0.13701128993621503
-0.2990166271213356
-0.06692786426375927
-0.708468640962331
-2.040995946774712
-2.3260677762880237
-1.2051608721941076
-1.4513461573893214
-2.3175803858579407
-2.5372300999706394
-0.8841297014271687
-0.13921095197960123
-0.23212909617909666
0.1883560755922665
0.36586382492493863
0.3080633666607007
0.28185001395372117
-0.952360934999576
-0.7536894422382392
-0.08448382715349152
-0.043622317720062594
-0.32395883014076043
-0.1231922087983233
-0.5699345180933911
0.03463190580295357
0.08966123010181905
-0.7787437315200499
-2.003671713875967
-0.9892233121282991
0.42460141543285596
0.2552801217377126
0.3065231628962997
0.5175582211235844
0.79179944935366
0.3327938844047086
-1.237506812610431
-0.4746573073593298
0.05563725138043455
-1.391729262188108
-0.17211595406125704
0.2685525537752577
0.05179833120875551
0.38620453857294507
0.2559366106681651
0.28862224371943845
0.4820228899977135
0.3492261345860586
0.28101810307587777
0.07130280893529696
0.4658524735080164
0.09105137345868533
0.17726399380277671
-0.05637840643750166
0.22655186092329366
0.2974127800404148
-1.380871833576999
-2.340839169540447
-2.4216693026979677
-0.938677549656578
-1.4409209103964662
-0.23377281860703342
-0.04886835609967688
0.2462597576227237
0.16862815435784564
0.29277820715719977
0.0704758294661281
0.22869284910198653
0.16914633963459344
0.17376655784915482
-0.8626103926481223
-0.26661516156352727
-0.3060954985728851
-1.1305548339088323
-2.060814978679606
-0.7857270392088731
-0.15724897035784277
-0.7147755744212793
-0.472450830512171
-1.763017720495552
-2.3945906720065318
-1.4027975801666437
-0.3385337719235792
-0.32281643560547607
0.018442792382046703
-0.4548832798181108
-0.43962670825883304
-0.17631776886052392
0.02339729186759339
0.21222568208098552
0.11324791528069499
-1.1400993415920084
-0.38225268877664625
0.26200064951649266
0.18459300781429394
0.3462384788786359
-0.1852513384368906
-0.4770782972656406
-0.5403272468374185
-0.8091870293891575
-0.5520606537056043
-0.49799192148773275
-0.3305671222685912
-0.5541411021469678
-0.09774235553026545
-0.13650277434955918
0.375273803850035
0.7693456284938158
0.7617496819959413
0.7396094357985996
0.7065379151966397
0.8151232695246649
0.5824907563977246
0.15312766362138547
0.11240412779282169
0.23566384901196372
-0.46311422744081643
0.2659838045762576
0.15461959940119557
0.20033691953557625
0.5224637431626565
0.6203541789369734
-1.3054768825168463
-1.632171517471124
0.07540209224225447
-1.061198674300207
-1.133715236094629
-0.5475361408146492
-1.0150082176378592
-0.7756684661485898
-0.18277783347079385
-0.18285914032244316
-0.2559124582763138
-0.584388997804415
-0.9017238207721435
-0.6368897410932755
-1.6443237634399306
-2.4038333839744723
-1.5155842037957021
-0.22925525302598665
0.30097844004601076
0.12638888929231537
0.3194790751541915
0.41107844502664426
0.5842631100453936
0.5263409426766403
-0.15047071468920414
-1.1755822860882454
-0.08980664736873736
0.4684781117661699
0.3868790239156189
0.26961464993985135
-0.7763886950747232
-0.23574107487359466
-0.2658487802805652
0.21028465632339946
0.4759385336624303
0.1895230109168489
0.554650719385452
0.3590761356774684
0.3127211384449952
-0.1509759778763605
-0.5410391458608658
-0.5057814851225552
-0.6011180642613819
-0.24519916008498271
0.010547619734164557
0.37709945485833424
0.15548601761793085
0.51332850322456
0.7823136751808797
1.0988485434176591
0.838711461579777
1.0221463956000325
1.0935284115329043
-0.3360466000427142
0.5945708217075735
0.4765251833693255
0.62043091906281
0.23677461070793654
0.139813702785954
0.4569249562077156
0.19735941192674286
-0.06191388064459326
-0.22198704142794462
-0.01590440741077337
-2.3159905197517046
-1.5406267666874527
-0.3194719401532016
-0.21574668430757457
0.31457493431681266
0.3949778670380579
0.6302122188391539
-0.9459188875406738
-2.285075338964171
-0.8738116834194652
-1.5080486428032227
-1.5185136197750306
-0.48565604110314425
0.2769282468282389
0.5489538639920355
0.3709688815729984
0.22271617783151978
-0.526488347270705
0.017440265105125866
0.35127389981526747
0.2812970966587661
0.2282202808462776
0.5304194987158087
0.7585145140890245
0.36697933105634617
-0.20363768801749688
0.22043936828084457
-1.0048622818512656
0.11478417066025333
0.3044609739651264
-0.03222927256669982
-0.4679163669992513
0.3752130073541462
0.467925779859603
0.311938421198537
-0.5171891237967926
-1.0193370367062384
0.5140607125186387
0.827282493960812
-0.23605066631702787
-0.3508901312904822
0.21577882218313507
0.4758991342651856
0.72944180988291
0.5432003960214544
-0.5295655635828634
-0.2705549134623274
-0.033539174093633085
-0.1428616466804216
-1.5535283566712665
-0.2591189249774216
-0.3022724495133534
0.3194323517418067
0.09806575939772179
-0.5706956177365325
-1.0423522455104657
-0.26393865138846334
0.5175092095580981
0.44335870817047235
0.35895139031190204
0.7660360450222906
1.0997831102961881
-0.19574062912630805
0.32239362300498176
-0.33178607549417066
0.23635138757225005
-0.3342966726506757
0.7840057503645994
0.4884966478430089
-0.38954531613553295
0.23558301942969964
0.29549551803015467
0.13969949350984828
0.38642432529781695
-0.1855520726186229
0.7919246170985651
1.0361099250848496
0.11985258673543889
-0.41735983304191937
-0.8024808585714613
-0.935956800944225
-0.550629580157559
-0.6153335700583422
0.062112029106627734
0.04908405163732583
0.24131667343581423
0.1550253896755784
0.02320190267770683
-0.3848649356336692
0.3125409208875132
0.1931660551917458
-0.16993718515855144
0.3249073968381925
0.04023902137398889
0.6229384691792205
0.1258195470291259
0.7748943051436692
-0.28305712894002266
-0.5606381262467516
0.09883139501906364
0.10218245402004879
0.1153672934558683
-0.2169509414389279
-0.5372354204718087
-0.08119158838721009
0.2913375612873423
0.32012875873492386
0.6491668436047
0.5935555971754649
0.25021078872445973
0.6056891332210503
0.688391891375618
0.9361384289216098
0.49739348005047507
0.6860383030667258
-0.9010784457335568
0.03946171681159215
-0.7329425566969591
-0.1058801645148969
0.28782818328530463
0.46339750227295934
-0.1057014597445897
-0.6516169532215113
-1.4695697435973225
-0.7233535767265973
0.06534640187777892
0.03079059429330528
0.2229523065933431
0.35371735108224456
-0.0926968085734663
-0.15720778374244385
0.06906188607024258
0.33008111704915954
-0.19713132880844966
0.397973334147306
0.25357548708287786
1.0348477338224702
0.9384674718589651
0.92508189764193
0.9369442399196439
-0.1231848163265953
-0.25372320441481094
-0.14867799302871512
-0.02341772202244034
-0.22587668656660936
0.43490903435255496
0.6877832911160137
0.972616347166411
1.1418286818760062
1.0639887063618
1.0203933409443626
0.521430704632508
0.9414261951049331
0.8992171167827857
0.7610168634083726
0.42055776094701114
0.5362848411388973
0.23391226736743057
0.33836487590640635
0.5867488500056851
-0.4672938655915892
-0.06051901455439866
0.2361199080178304
-0.3546455843496953
-0.352915205775507
-0.48588602041957574
-0.17293657017497005
-0.7346035266762371
-0.09411442306612343
0.005664653809519716
0.2181213439657471
0.14315443930567542
-0.21735836446851656
-0.06593434273198899
0.17287741690012168
-0.2654919446789155
-1.1359509676996207
-1.5900548676204938
-0.9828506900578579
-0.7603617540143227
-0.36701763675571775
-0.3040546598884659
-0.34778915649413594
-0.45077274593037114
-0.5347660687048076
-0.3293088911801706
0.0006878891224157492
0.11773257092993426
0.32633021540655865
-0.06911978245674147
0.02395420080444915
-0.005359271325949118
-0.2913106763081748
-0.16243144303216225
-0.5808131333746579
0.3557449909498479
0.552129200343783
0.48082205258038774
0.5918133212142036
0.5255231898054527
0.2638716033136181
0.46904247324670595
0.4321568176945254
0.6626790817873761
0.7994862847303398
0.4327465938086515
0.45595428620120115
0.5028157410706701
0.28030533045878725
-0.19421935242307692
-0.23063734527227636
0.0981318718019935
-0.3167110587005003
-0.0784575174222459
-0.06545323417609751
-1.3072953939120775
-1.2197980892893097
-1.843634955045388
-2.042565085674825
-2.0090799657147307
-2.217434496815788
-1.8452842239667042
-0.5137644737770292
0.05835492170082281
0.14900543995898038
0.305696507511889
0.20702401646889593
0.2947480384693349
0.5273453124372767
0.6137411407918367
0.36226433258372326
0.2317933167988083
0.21920898583923926
0.07606635560178385
0.2784299963903117
-0.17675484192438892
-0.11265465021823896
0.281274293742036
0.31846659742683264
0.161508690655203
-0.46717116646900925
-0.18368894907823607
0.02531798523566017
0.48662189472286416
0.4739875292327668
0.5105577321769336
0.6084236570232606
0.4493485853114837
0.396594884538739
0.5708908133981664
0.45151842471767134
0.1269780432560411
-0.20856381830250362
-0.008416053988336844
-0.605824005066606
-0.23306115199205232
-0.35841852910702177
-0.21729400608833985
-0.8280726755349047
-0.4182534519287841
-0.4390807956159492
-0.8331423068186614
-0.4224126062400578
-1.1852155126252275
-1.7595815891925246
-1.3066174028512851
-1.897387505250203
-1.4843277547094273
-1.3543195871753286
-2.363080735030735
-2.3569165426637286
-2.309218407492138
-2.519158453220869
-1.7676683314003923
-0.9191029498649173
-0.15808051162687572
-1.5388622150608213
-0.6734632212883737
-1.624980729655812
-1.7337054653347035
-0.713155922595431
-1.9682021276449322
-1.4588534943742775
-0.8346588175415891
-0.04715911992318515
-0.4372601058811353
-0.8870206244457979
-0.7093314505291184
-1.4474677854266134
-1.4206806564773007
-1.1608573265080662
-0.8881389302109132
-1.0523013912388541
-0.5442455051847873
-0.24129275827729055
-0.23082194769516556
-0.3221335404427685
-0.04156425877804631
0.21120546665512369
0.3433753070370257
-0.1337127607400483
-0.18764638139642723
-0.30660572548093495
-0.33009456386782227
-0.15077151558406054
-0.22353977987872184
-1.8638612990485701
-1.9733837237945369
-1.1983702702365768
-0.43332309900219784
-0.6781254841214297
-0.5487471992959357
0.00037561802487936266
0.018948823040943145
0.026159430463108375
0.17543665378877688
0.02841884394421701
-0.9382071854964025
-1.449724005671809
-0.5375984706895267
-0.15521120027231078
-0.9812622487308165
-1.0560122401117162
-1.341322888556126
-1.940061070639625
-2.0527572237070797
-1.3702923665891138
-1.4455210308040043
-1.3986618679462706
-1.0820706467123238
-0.7541191332518251
-0.397391110626413
-0.09659133062572048
-0.6509980304457975
-0.7679162969802746
-1.4288559400009562
-0.8868492521313377
-1.3126534497817766
-0.22356254331708508
-0.2628398704637861
-0.8477195714989824
-0.1949328827657745
-1.276225526144709
-0.4536604292687945
0.15509723273804182
-1.0226956060581505
-1.00697324164336
-0.7479170346982075
-0.3891563446610416
-0.8416993217077388
-1.8453051285020001
-1.1038736989084277
-0.7459349977546849
-0.9127560471066082
-0.9646001001575195
-0.6315895220826092
-1.4601728730652503
-1.8806727077552097
-2.561266434492707
-0.7704499228689948
-0.3048463878856012
0.05694101928684329
0.4777630108935904
-0.03110465213530339
-1.174725574914268
-2.0382723258274966
-2.0826264208348566
-2.514845361384885
-1.5722745039663124
-1.4569864122130662
-1.221505677750126
-1.4831992763687407
-1.0663347143751012
-1.774863264608941
-1.0890255239052518
-1.9005194910312255
-1.4740953822708547
-0.48154533576068437
0.020298233361791377
-0.23060674108644133
-0.46536485223576
-0.04900265721531753
-0.8498386126064129
-0.45886232079691214
-0.36239431376274744
-0.6012440141905829
-0.9240474085468271
-1.1297850975469834
-2.230826661388987
-2.1719371350749053
-2.318239897546003
-2.389502378985142
-1.9922461371551239
-1.2517633824067207
-0.9972425961669329
-0.7150979876381914
-1.0883253565369397
-0.8425194646894542
-0.3442959540738181
-0.07440175640596777
-1.12640594750066
-1.3359543660175424
-1.72852012424365
-2.0152786471268294
-1.0241699010776935
-1.3046436901771599
-1.9536254067892347
-1.6137159575176767
-2.0464319367392223
-2.265335758106939
-2.0381034221951806
-1.731728714035116
-1.4227876604231793
-1.760256156019641
-2.2390314970002447
-2.0048401122650183
-1.2130795736673445
-0.8195624652737675
-0.688857919440902
-1.0338585990339815
-1.8742367189086482
-0.5784782307603782
-0.31550535867980994
-0.2423046447870787
-0.10169513207955402
-0.4229770112264436
0.04848661601498344
0.3842448665967302
-0.33103267220166144
0.17979876091234712
0.539024872899381
0.3743794558918595
0.6206519126115827
0.9048226504070901
0.8898172301367807
0.48108854732712497
0.5372672656504017
-0.3559479234534397
0.20809892676708971
-0.6070052388223431
0.1912070150966501
-0.3391935729189041
-0.20710965906308595
0.0675991788227815
0.5433887022156647
0.3548992555623309
-0.2152558137485308
-0.33252358081240707
-0.8461699307664361
-0.4078483354731072
0.2963653030689296
-0.24610565032774417
-0.026739614422526037
-0.3332923579124912
0.04249121407058803
0.43729371836270653
0.38228748998999373
0.40298019400421137
0.423098417479022
0.3938694549469961
0.5046469896786757
0.040299532621718245
0.4468117698520816
0.4766108441215304
0.4615085847254917
-0.6723777635873962
-1.3691099441146686
-1.772876399217111
-0.696209401073052
-1.0146942401341241
-0.6247682250262162
0.11925917261456874
0.20913104498243967
0.16695585309465746
0.3651800806583969
0.06268466491135231
0.7509442078415903
0.6787719943611867
0.28719119270248866
0.8639060684873865
0.39291492730097527
0.4301133140074715
0.4660886682513242
0.8819776987803216
0.6114057174633105
0.253158970084042
0.4869023849073479
-0.7177021726557676
-0.04401664904280066
0.3585031071109617
0.43347597679585087
0.2797379825398697
0.25750529455996685
0.09306940068370587
0.18327203216057875
0.19970020890156823
0.32751096609384006
0.2474180736883293
0.558211316999876
0.820846340010544
-0.33110490423052064
0.4807782948079358
-1.2928018038221332
-0.37077712088167064
0.22368905816911283
0.6259881808668281
0.4872710111827871
0.7581112537143063
0.625793497462063
-0.1564358599823545
0.28805080384281506
0.8293550720144282
0.9355892487629361
0.5870724236884006
-0.29983459514987393
-0.8117811617696429
-1.934798751365468
-2.1381511368386663
-0.48744494809840405
0.5266289257652138
0.5912515794983578
-0.9003186249209516
-2.102307629455613
-1.6007097800546253
-0.7329996553537885
-0.6439113724278595
-0.6925008715970502
-0.5206571939219459
-0.6617794510532876
-0.28517071736163635
0.17696135618910117
0.05253516415853386
0.16356159870123105
0.22307372432564618
0.2780471423595215
0.530955293241877
0.2385323534299255
0.4767439554030288
0.6796562740265957
0.736546695576933
0.8076915285083087
1.0776926737348498
1.1577222818407233
1.0865903946305473
-0.1260087844026732
-0.11409951261606124
0.09508346850636237
-1.2935237544526885
-1.7026599602015924
-2.3851224241321467
-2.498850903798816
-1.1283627118053754
0.018920994161625744
0.4952100569339858
0.5525168903305182
0.6971821765006526
0.6908165886807281
0.7312847297839318
0.7348019972828654
0.686720692503429
0.7176115144133449
0.6290287282068866
0.12075179180320685
-0.13882052453903154
-1.198167796229766
-1.7020015705637779
-1.9539532374931636
-1.7819297058026586
-1.268477298513472
-1.0694433899508298
-0.842155018343076
-1.821622720398102
-1.0648536619843525
-0.19954195930249777
0.1125349660531144
0.6940395534192193
0.4410562942764022
0.12650134890205753
0.0878063475156063
-0.10398926884443635
-0.09991780249376805
0.14318583660210552
0.3757859882774893
0.39130722876321294
0.4466033361914539
0.0249895821705652
-0.6846942715969452
0.4359772591278193
0.7674723627358249
1.011382019695268
1.1381151017970286
1.223726606942473
1.302791652183089
1.3467021402565764
1.2639804517656674
1.3469591070565274
1.2911591207990825
1.3245195388727566
1.2543732594133838
1.4755121092308165
1.3011739904986637
1.414335645333227
1.4873761493986457
1.59121553403888
1.2842081276194985
1.5758992510679282
1.601647254058893
1.6654775760601395
1.1855840240989797
1.6239168680647518
1.4271021326983393
1.276176004411875
1.3539601087523212
1.364584308923596
1.395054487769974
1.4319571294183544
1.5008383304211599
1.276222590839211
1.6141544666620238
1.0667558438132045
0.8308214027568283
-0.15610485918634703
-1.751331573264503
-2.3530950175003915
-1.9139931856884806
-2.3865955532560017
0.038369128817648486
0.5293072213240062
0.6272883363830714
0.3138774840628531
0.499183675326109
0.677215019051534
0.5318387470885905
0.7891042857076437
0.0836933593961711
0.18253621606134862
-0.10921259910924017
0.015861186390905186
0.39055575647104546
-0.35366969773023055
-0.5426871843232061
-0.09280356335712528
0.5930275320038414
0.8132371008742846
0.23697973503388342
0.4464508097377163
0.39356975585463505
0.7721027949097039
0.9080183300582082
1.0771949829261147
1.2127779386899864
0.412384317549921
0.9755741052100312
1.2673124949432812
1.2687802595592745
0.9780589405925033
0.7490884251680409
0.7589314099668144
0.9255602898683922
0.877712832365405
0.923776507852516
0.9238098868780715
1.082660558829197
1.1612003268085969
1.1976859664191115
1.149243723839923
0.4806780091979558
0.7063454576014581
1.026365580894851
-1.4852072635665328
-1.373974795136343
-1.2102837826736632
-0.25070282290269136
-0.9064191278300051
0.16231408155184215
0.32296017733646953
0.14232446719030525
0.7921290393742642
0.7248234015404726
0.9493815519907116
1.1824923751396794
1.2566415640141286
0.8453313186673252
0.5014404317184201
0.40311581823787745
-0.8669303132991628
-1.5795838395014656
-2.1495062161858316
-1.8411139738833646
-0.06670088582623102
-1.7319137251019803
-2.0264450009801713
-0.8100573577619015
-0.7835989826856203
-1.7299304054366709
-2.567104152129841
-1.913488660922623
-1.0683444513942388
-0.7799922740771956
-0.03256045404922151
0.10361419270551465
-0.296591205200527
-0.7362522200720528
-0.7996135589350047
-0.0010288010457452606
0.40859274594735073
0.6961660759648041
0.7894987133928784
0.7864779343923053
0.84120508678826
0.8006466416723007
0.8694757191621217
0.2164791653177792
0.4267353103500691
-0.26186206303625037
0.27220666249417996
0.41918140196649517
0.2744475501765239
0.4033210801406431
0.8126870057098418
0.8121983377753025
0.19597416568728693
0.9292744718844567
0.6670762271151685
0.6984465079489175
0.07743832848676772
0.18361982822958106
0.12995518047718643
0.13328347143593597
0.07474974257901437
-1.2873675490140164
-0.9674548339972299
-1.8877439072274282
-2.2022337157201437
-1.1188582365836504
-0.8050582474318324
-0.7169410734923077
-2.2155565414545992
-0.7423618057094334
-1.2214632817434763
-2.056078490445271
-0.37471318568532774
-0.16473159500378015
-0.355726573051167
-0.2843302208730158
-1.0229984954496687
-0.9004203558768894
0.04558615888477855
-1.0091495789741673
-1.3060368224542869
-1.9161722816515023
-1.4813716356293765
-1.6160241224573657
-0.5370800660654221
-2.5046674613221183
-0.8813085749616849
-1.77452531105491
-1.6255539533006098
-0.034736757520287743
0.8149649152660391
1.0055873582289525
1.1218610748338886
0.9618588684696986
0.7585573862679477
-0.37679095979468474
-1.1653773181118183
-0.5942727682353112
0.22220151817195194
0.6966044830820423
0.6159374576307941
-1.3053578309188794
-0.3594242150484111
0.3866271144402961
0.5232137722014245
0.9674110177055019
0.9618116939812804
0.9184822039230253
1.0320602651541413
0.7500014118209435
0.9321626115903753
0.7493165186587415
0.7655472550922805
0.740098728614857
0.7415810290514374
-0.6870304993308364
-0.3066853936156727
0.319603128027571
0.7861922623519174
0.24442599844358975
-0.6282054700626432
-2.5923912112670204
-1.005482313314212
-0.13349614961394343
-0.8458750587325586
0.5684458306106744
0.7930351464998813
0.4711249703910668
-0.10192571728927856
-0.1541978933555011
-0.1741048947658708
-0.8157625592253479
-0.0009551081604706231
0.6516221238911227
0.73451968560322
0.4464420928295732
0.5963139868005253
0.6415935020395794
0.7002135373270824
0.3501323711569904
-0.746798723384373
-0.38637028446667865
-1.3705407284934519
-1.9959226519051358
-2.220245136722639
-0.5667819293957111
-2.083719665401441
-0.39084171134260143
0.4794132232923351
0.9366100975383265
0.7982332333247332
0.3969883377194533
0.6079898859541853
-0.3656662674878738
0.48013216241681234
0.5564361760387573
0.26002455035618277
-1.328024359769621
-0.36032187079093053
0.15213466613397778
-0.10122328388826334
-2.4755652410443605
-0.619815848921477
-1.549377240467806
-0.3531295751367955
0.4916880500188107
1.1412597814525955
1.025124903975211
0.6636070775054638
-1.3933796464543036
-0.4813069707237381
0.41100699677718483
0.06189763955645
-2.1119748996050736
-0.14610642337910276
-0.3064755999783545
-1.138263325556814
0.18958846381161867
0.21048613965237992
-1.9129719182606952
-1.7742957371195132
-2.3583557914937976
-2.2687758624778023
-1.0058660266835378
-1.1240438446766672
-0.6288049843482157
-0.5919210630725117
-0.7331645565880397
-0.7170022288266986
-0.5928332570802118
-0.17675483303447886
-0.763423129481174
0.15536631832447823
0.04340737916553655
0.3803322700938455
0.37200305453559807
0.09316499201731984
-0.459231357169162
0.058182913499499216
-0.45668381826000043
-1.3533337504981426
-0.21283223587556374
-0.5398493062518482
-0.709970934476166
-0.07569566768743877
-0.9813326120662758
-0.4919871659149116
0.030347012910574057
0.5776504487600322
0.7886187942920506
0.7847989447400335
0.6854520373438958
0.6954463777039003
0.07113958396225456
-0.09576918619615822
0.0050379290019212375
-0.49867824080335554
-0.37540246241119785
0.06530997709665266
0.1861835635924182
0.061870607154195074
-0.3685460999380213
-0.26706994166815096
-1.8238997565691533
-2.485392542123736
-2.515237111474209
-2.5593848922196014
-2.5249591986553557
